Starting
Text :  I Have Had It With These Motherfucking Snakes On This Motherfucking Plane
Checkpoint :  checkpoints/test/test_fastspeech_d0e9a25_570k_steps.pyt
./ref_wav/default.npy
TTS synthesis
predicting
tensor([[[-3.7926e-01, -3.8278e-01, -3.0249e-01, -3.2258e-01, -5.4456e-01,
          -2.8432e-01,  3.4038e-02, -3.8063e-01, -3.1983e-01, -1.9074e-02,
          -3.0179e-01,  2.0325e-01, -1.8501e-01,  1.0613e-02, -2.9660e-01,
          -1.0371e-01, -2.0984e-01, -8.7518e-02, -2.1013e-01, -5.8098e-01,
          -4.7354e-01, -3.4509e-01, -3.8646e-01, -1.8381e-01, -4.5197e-01,
           5.6858e-01,  2.1460e-01, -2.4517e-01, -4.9978e-01,  1.0411e+00,
          -5.4307e-01, -3.6752e-01, -3.5154e-01,  8.5538e-02, -5.8665e-01,
          -2.4075e-01, -3.2646e-01,  5.4276e-02, -4.9521e-01,  5.4073e-02,
          -2.3665e-01, -1.9123e-01, -3.4310e-01, -2.2463e-01, -4.5384e-01,
          -3.1242e-01, -1.3175e-01,  2.7279e-01, -1.8365e-01, -3.6918e-01,
           2.4068e+00,  2.4886e+00, -6.2789e-01, -2.8885e-01, -1.3874e-01,
          -7.4552e-02, -3.9499e-01, -1.7102e-01,  4.2631e+00, -4.1136e-01,
          -3.1806e-01, -3.2056e-01, -5.6726e-01, -2.8328e-01, -3.3821e-01,
          -4.6419e-01, -1.8988e-01,  1.8195e-01, -2.3659e-01, -2.4900e-01,
          -4.4637e-02, -2.5681e-01, -2.4602e-01, -3.7663e-01, -1.3451e-01,
           1.1873e+00, -4.1489e-01,  1.2789e+00, -4.0726e-01, -5.4490e-01,
          -2.8085e-01, -1.2245e-01, -5.3151e-01, -5.4239e-01, -8.1199e-01,
           1.7792e+00, -4.9421e-01,  5.0706e-01, -2.4359e-01, -9.3211e-02,
           7.3913e-01,  5.1407e-01, -2.3702e-01, -1.4491e-01, -2.5971e-01,
          -3.5763e-01, -3.0614e-01, -3.5076e-01, -2.7257e-01, -1.9227e-01,
          -3.1155e-01, -6.1475e-02, -1.7490e-01, -1.1055e-01, -1.9034e-02,
          -3.7913e-01, -3.8387e-01, -4.3369e-01, -1.8973e-01, -1.2197e-01,
          -9.4986e-02, -5.2325e-01,  8.0295e-02, -4.6618e-01,  3.3406e-01,
          -3.7533e-01, -5.4441e-01,  3.5417e+00, -3.9035e-01,  9.2417e-01,
           1.0946e-01, -2.5602e-01, -3.4136e-01, -2.0160e-01, -4.6006e-01,
          -2.7907e-01, -2.3560e-01, -4.2649e-01, -2.1023e-01, -3.5616e-01,
          -1.1612e-01, -4.5211e-01, -1.9859e-01, -2.7265e-01, -3.5552e-01,
          -3.5667e-01,  1.8694e-01,  6.7524e-01, -2.6723e-01,  1.1962e+00,
          -1.9537e-02, -2.6850e-01, -2.4154e-01, -3.1460e-02, -2.4631e-01,
          -2.0367e-01, -2.4584e-01,  7.7089e-01, -3.7060e-01, -2.3620e-01,
           1.9600e-01, -3.8043e-01, -2.5754e-01, -3.4118e-01,  4.7164e-01,
          -4.2795e-01, -1.4678e-01, -2.1400e-01, -1.2646e-01, -4.8728e-01,
          -2.2407e-01, -1.2542e-01, -2.5254e-01, -3.5771e-01, -2.6409e-01,
          -3.0423e-01, -4.7047e-01,  4.0135e-01, -2.0070e-01, -3.7285e-01,
          -1.7539e-01,  5.8503e-01, -2.5495e-01, -3.7369e-01, -4.3162e-01,
           1.5480e+00, -2.6716e-01, -2.3257e-01, -2.2711e-01, -3.9010e-01,
           2.3002e+00, -3.2189e-01, -2.7960e-01, -4.0338e-01,  1.4362e+00,
           2.3844e+00, -1.8639e-01,  3.5775e-01, -1.1734e-01,  2.4866e-01,
          -4.3831e-01, -4.5513e-01,  1.8822e-01,  1.5700e-01, -5.7726e-01,
          -2.6655e-01, -6.3424e-01,  1.7767e+00,  6.4947e+00, -4.6601e-02,
          -6.3789e-02, -3.9984e-01, -2.6963e-01,  3.3430e+00,  4.4709e-01,
          -3.0703e-01, -1.4829e-02,  1.5456e-01, -4.7048e-01, -4.2482e-01,
           3.4074e-01, -4.5601e-01, -1.0284e-01, -1.3987e-01, -3.1272e-01,
          -1.6139e-01, -1.5507e-01, -3.6011e-01, -2.2565e-01, -4.1576e-01,
          -2.9742e-01,  2.2983e+00, -4.5413e-01, -3.2673e-01,  2.5709e-01,
           6.4532e-01, -3.9833e-01, -4.0848e-01, -4.7728e-01,  3.0315e+00,
          -3.6652e-01, -3.9214e-01, -4.2271e-01, -2.3197e-01,  2.3471e+00,
          -1.3358e-01, -3.5573e-01, -4.5072e-01, -3.0288e-01, -3.6019e-01,
           6.4173e-01, -2.5334e-01,  2.5108e+00, -4.5594e-01, -2.8022e-01,
          -2.6347e-01, -2.9881e-01, -4.2967e-01, -2.2375e-01, -5.1562e-01,
          -1.1178e-01, -3.9179e-01,  1.8693e-03, -1.6648e-01, -7.2171e-01,
          -3.9434e-01]]], device='cuda:0')
Mel shape:  torch.Size([1, 80, 330])
