Starting
Text :  I Have Had It With These Motherfucking Snakes On This Motherfucking Plane
Checkpoint :  checkpoints/test/test_fastspeech_d0e9a25_570k_steps.pyt
./ref_wav/man.npy
TTS synthesis
predicting
tensor([[[-0.5478, -0.5549, -0.4236, -0.4293, -0.5612, -0.4956, -1.4000,
          -0.5090, -0.5197,  0.2709, -0.4795,  1.5968, -0.6925, -0.3067,
           0.4477, -0.0559, -0.1796, -0.2250, -0.3927,  1.4213,  0.0971,
          -0.5043, -0.6336,  1.8265, -0.6265, -0.3369, -0.5768, -0.3147,
           1.7908,  8.0868,  0.3886, -0.4003,  4.0014, -0.6389,  1.8326,
          -0.5084, -0.4509, -0.3312, -0.5799,  0.0259, -0.1476, -0.1343,
          -0.4175, -0.3645,  1.0315, -0.1549, -0.1728, -0.2365, -0.8130,
          -0.4702,  4.2026,  0.5111, -0.9274, -0.4023, -0.4133,  2.5716,
           1.4645, -0.2542,  0.6540,  0.6479, -0.3782, -0.2117, -0.7059,
           0.1825, -0.5488, -0.0165, -0.2497, -0.7225, -0.1823, -0.3992,
          -0.2349, -0.3386,  4.3687, -0.4679, -0.5572,  9.0905,  1.6609,
          -0.4875,  0.0219,  1.1308, -0.2149,  0.8942,  0.1719, -0.6918,
          -0.6196,  2.0142, -0.6297, -0.3991, -0.5104, -0.3668,  0.6311,
           0.8540, -0.3704, -0.2080, -0.4213, -0.2863,  0.4417, -0.2288,
          -0.4719, -0.3277, -0.4229, -0.1814, -0.3616, -0.7886, -0.2791,
          -0.5176, -0.5078, -0.5764, -0.3603, -0.6771,  0.0281,  3.8023,
          -0.4964,  0.2743, -0.2318,  0.2738, -0.7254,  0.0950,  0.1716,
          -0.0163, -0.7745, -0.1822, -0.6409, -0.2903, -0.6254, -0.4127,
          -0.3251, -0.6628,  0.7425, -0.5136, -0.2082,  1.1647,  0.2535,
          -0.3017, -0.5754, -0.4802, -0.6381, -0.7665,  1.2469, -0.5356,
          -0.3207,  2.9010, -0.3284, -0.2755, -0.2294, -0.6127, -0.3803,
          -0.4481, -0.4940, -0.3121,  1.7888, -0.7945, -0.4712, -0.5318,
           0.6379, -0.5883, -0.2484, -0.3348, -0.1549, -0.2306, -0.2537,
          -0.1592, -0.0553, -0.5176, -0.3859, -0.1003, -0.3850, -0.6887,
          -0.5781, -0.5077,  0.5738, -0.3841,  0.0706, -0.2193, -0.7934,
           0.0249, -0.4041, -0.6843, -0.3896,  1.4936,  1.5113, -0.4402,
          -0.4934, -0.5635,  0.8493,  4.9711, -0.2858, -0.7069, -0.4054,
          -0.5369, -0.3171, -0.2956,  0.4553,  0.4157, -0.7127, -0.3395,
          -0.7928, -0.3736,  0.1343,  1.3240, -0.4488, -0.5165,  1.1834,
          -0.2232, -0.4258, -0.4457, -0.2526, -0.5481, -0.4048, -0.4175,
          -0.4708, -0.6051, -0.5043, -0.1398, -0.4272, -0.5928, -0.2550,
          -0.1723, -0.3647, -0.3613, -0.2090,  7.8794,  0.3758, -0.4364,
           0.7859, -0.6853, -0.5356, -0.3589, -0.6359,  3.6517, -0.4932,
          -0.5119, -0.4126,  0.1290,  4.5763, -0.0136, -0.5817, -0.5079,
          -0.5375, -0.2179, -0.2024, -0.3691,  5.0943,  0.4682,  0.0473,
          -0.4598, -0.4559, -0.5865, -0.2567,  1.2630,  0.4711, -0.6740,
          -0.3003, -0.2685, -0.6599, -0.4618]]], device='cuda:0')
Mel shape:  torch.Size([1, 80, 330])
